6633
9238
5828
3538
8076
1384
2367
1882
5495
1288
8735
5722
1952
4341
6512
1803
7541
4323
1603
8035
2480
55
4802
7411
694
3902
238
6941
1386
7898
4755
9903
8687
8283
8686
2848
1114
8630
3061
7382
4789
9284
5428
3954
688
7353
5880
905
1715
2462
8788
5519
126
2798
3073
4770
2721
6363
3235
10000
1591
3786
9878
694
8253
8209
4647
1831
225
8683
3375
9669
1046
4598
7546
4559
6515
3930
2534
7814
3931
6693
8663
2686
7015
1047
151
2702
975
6440
8395
4403
2137
5985
9584
7703
9784
8126
356
6106
1621
9453
338
6330
5227
9875
2517
5621
3020
4204
2957
6168
545
4092
6576
3986
511
1735
5783
6314
101
1370
8089
7913
6290
6708
9046
1734
723
9796
5225
2333
5930
640
8081
9419
1738
4095
2313
9960
7599
9956
4338
145
7083
2951
3426
6576
2522
7393
8886
4155
1687
869
2243
1686
2263
8742
7610
7878
2019
8504
6346
4836
7460
4599
6480
5177
3367
5694
5721
7132
688
4501
9480
5317
1914
4362
514
2109
9980
2970
5766
3717
4632
8796
2731
5071
5789
9803
9266
1788
4076
6286
4955
7955
2167
3558
899
7195
6181
8163
2218
9509
659
2563
2867
2217
6292
4376
2260
9756
2105
2613
2253
8699
972
6197
2998
4582
8454
4392
7873
1340
6321
3946
6399
2430
4263
9730
2159
2227
1737
6996
5488
5768
3884
4787
4167
1489
5261
1271
7804
2161
8981
7558
2367
2434
4392
7667
7416
7553
1048
8240
8988
8089
3974
8960
4235
6570
6808
1774
1127
9446
54
7220
5839
8456
7759
2361
5593
8929
9384
5961
5070
992
5156
2226
6302
6589
5952
7337
325
8067
1973
3095
7270
4936
320
6756
1475
6858
5534
5102
4607
7767
4497
1462
5098
1801
8896
8983
9404
348
1130
5892
9933
3533
7259
9532
4016
753
8039
2653
9536
9456
5955
3154
7779
60
7939
7882
7851
5234
3006
9479
2203
8491
2957
1311
8519
9007
1571
2947
8452
1863
183
2890
6222
9693
2988
761
2712
2706
7297
2353
1150
6252
9572
885
8391
7066
1794
4902
9639
4870
9658
2093
7056
3190
5279
8260
4568
8846
5804
4673
4037
8933
1521
2608
5285
1122
3180
1948
9931
8500
5779
8602
7075
9179
2750
4627
2327
5862
2354
9771
8202
5322
5175
882
6737
683
5355
647
6322
1738
8527
3540
1396
11
7967
1706
1798
3330
4431
362
8651
9834
2017
3324
6691
1362
6947
8160
8278
1636
310
5407
1097
1714
7689
9564
3554
79
8515
5725
8984
9720
5200
6528
740
8125
2787
7436
4676
9088
2905
3717
1774
169
6670
5035
3794
9331
8361
2992
9704
6327
8754
9620
2024
3171
8725
207
8536
8310
1710
7722
3472
8602
7347
6970
4857
7759
9473
5914
8692
1184
5999
5028
1192
2724
7151
4475
5923
9972
6067
1800
7137
84
1548
8656
1322
815
1373
6686
8470
4803
1806
898
1532
374
7708
6181
1576
7092
8750
2792
378
1878
7891
184
1771
1809
1415
8848
3563
7544
2469
9052
2486
6974
6309
6741
5445
556
4342
29
1216
9579
9255
8729
5297
2383
1312
6838
772
9185
6526
5321
2746
3591
6603
6583
9933
2257
7083
5806
6190
6643
7746
9134
2570
1626
9956
4424
6971
7069
2757
3953
3131
6722
958
8082
3651
1225
7937
5712
1777
6633
5428
9523
1592
4405
3177
6373
6193
571
8782
6985
7376
7257
2016
2613
4785
124
4395
909
4417
9046
364
3101
3001
3163
247
3043
6677
8009
4020
6391
7219
8817
8100
5224
6967
2102
9538
5205
3244
4033
5413
3044
7556
6446
1618
7282
112
2647
9358
2600
9067
5643
1200
3238
8912
6363
533
207
7997
6561
7710
9344
2543
9917
5028
7022
3532
3949
6715
7499
704
2472
1988
8261
9503
8599
9340
6411
4602
8736
2434
6589
6060
9601
7126
4271
9860
5542
5261
9977
2221
2887
7137
5742
7624
464
9653
8519
8779
7726
1734
3564
5411
1651
4093
8510
5237
4071
3362
3540
4691
6875
138
1983
3450
9802
7648
9692
295
9103
1522
150
2314
4045
7250
6870
9346
3183
6141
8968
3784
1213
2185
4987
2024
1063
4231
6916
9978
7345
2968
8239
8975
348
8763
8196
1863
2268
6564
4258
9423
3723
3625
8331
5591
9097
5270
2571
8162
2494
6192
1301
1831
7502
3910
3772
3764
9832
7124
6540
370
8171
4609
5603
1235
6598
3561
7295
8488
7882
2517
916
8831
8813
9253
9338
6922
8654
9295
8113
203
3712
2273
2562
5915
3238
5555
2452
3338
1481
6904
8968
7984
5737
8515
337
3570
6381
5943
2499
3552
3144
1094
5975
4060
9819
4891
2264
8805
8257
4595
4685
545
4026
7077
6675
5065
5512
1651
6999
9534
9520
4216
3469
617
1357
1057
9183
7008
1959
2537
9797
4645
1178
3549
7038
8024
2423
1950
3593
3117
4004
340
8178
2152
2352
5743
5964
4949
743
8905
8951
9540
2830
3304
8527
7105
4204
1312
6993
9650
2374
6036
4762
8121
8597
572
8365
1209
5589
9331
9841
7030
7421
2264
1733
8549
8262
788
4065
946
9385
4683
9402
2209
6474
3611
6641
7228
4603
2434
2890
3099
3998
1420
724
8481
9915
121
1705
9123
6330
9517
851
8835
5406
1985
6441
8651
3311
4264
2181
9158
8273
9628
3140
3528
406
5014
9625
9597
4013
1820
1166
3727
4645
9508
7560
5521
4050
167
1845
8280
6138
8401
2613
2410
1181
7797
5939
5326
2383
8029
2142
4467
6788
5183
9112
333
3606
268
810
8410
3526
8786
4834
9522
7533
1297
6426
5933
1197
1978
6694
6878
8201
9458
3434
2525
8429
359
917
579
7563
9498
7390
62
6196
3370
2938
6100
8016
3794
8823
7109
810
3736
4857
7177
1402
2326
510
920
9088
6437
2079
216
2634
5301
3285
3393
1154
666
1990
1757
3655
7377
8075
6843
3751
1584
3039
4162
8694
9563
1670
2802
6509
386
2983
3943
3314
7960
9032
1783
447
6302
8372
1755
8850
