9986
1505
3520
8209
7431
8464
3500
7834
8772
6670
2300
8023
2940
5887
967
6737
5814
8377
1132
764
830
5328
3854
1693
8166
3056
8747
2693
1708
6467
7195
3963
1577
210
1298
5719
1732
9288
418
5883
2017
3906
8592
1388
3609
675
688
8894
3990
7380
784
9375
1899
2105
6879
4169
655
3550
8152
6283
5988
6960
4991
7345
3896
4184
6534
639
6119
1986
3276
4381
3387
3884
9635
3548
8705
6506
9564
5303
297
2358
3313
5893
4378
836
4143
3178
7855
1172
910
7853
3474
8897
4767
2837
2484
6390
8209
1260
8598
3536
3983
2597
6535
9471
8186
8538
8234
1686
1726
2942
9234
1601
4467
8434
1806
5126
2339
8659
5291
9685
147
3280
7786
1417
7343
6233
8752
8512
7015
851
2339
3495
8992
3928
8728
5119
2632
1195
8278
3756
8986
8249
9750
7115
5482
1147
3866
803
9741
4248
2967
7189
4920
1127
6704
2478
6324
6707
5792
1931
3739
2167
3876
5899
9954
4568
3795
7632
1090
9586
7658
6543
4804
6218
6056
8824
9001
9555
3939
767
3315
7405
2086
7976
7044
871
3048
1298
7345
7989
7017
6970
3778
2861
4587
4400
3865
6219
3419
8214
7148
9892
8682
4277
4208
4535
7725
7146
8644
8655
5325
5054
9048
6502
908
4563
5865
8388
821
1354
4874
5365
270
6017
7967
7128
9885
1769
8857
179
1188
7238
4617
3364
298
4576
3811
9827
2520
2119
7441
3699
8093
3347
5200
3735
3326
9961
1083
401
5357
8697
3795
3125
4900
8692
8600
141
5470
2764
5830
886
7699
4883
286
5735
878
3781
8720
4481
7437
1826
594
5490
4597
947
416
6628
2239
6478
3664
7266
8722
2709
560
9723
6878
5352
7294
607
3042
5819
5860
838
3819
3554
1087
1280
8810
3992
1434
5591
2737
79
7372
8368
1849
1650
9466
9953
5651
6519
5594
9180
73
3808
3589
8794
2416
4400
3464
579
4845
8106
9672
3209
7841
4405
7503
8644
9074
9741
1975
808
6759
1651
4498
946
4575
1380
6564
9074
4607
6391
3277
1539
3847
2783
3111
7877
1519
2656
5448
3388
6035
7663
8420
8545
1608
8354
5859
3894
4922
8135
6602
8087
83
8513
425
1292
2282
2380
8065
3579
4102
226
2479
3034
3150
5318
6857
306
5310
5757
611
9775
216
7932
5598
7268
4180
8365
6031
6283
7301
3227
7640
1530
6954
6333
1237
7569
3374
4512
6388
9632
3005
5020
1362
7238
8035
7192
1422
1140
6130
7962
1629
5791
8335
2087
249
9092
3658
8232
3446
4887
3161
4669
4595
4756
5920
8460
7305
2310
6926
1698
628
2741
6007
6858
5210
3402
5450
1851
7596
3567
9646
2123
7145
3361
8990
4354
3193
2711
2765
7929
2861
7949
5016
721
2865
2009
5975
7328
8058
2958
6096
6295
9314
6286
6472
4479
4653
6155
3126
8769
2423
7462
5958
7988
5100
1801
2903
6529
4435
3344
9074
5571
3720
401
7511
3659
2660
6108
5574
655
1020
1582
950
4146
4339
9776
4021
5919
2733
5356
8797
3247
6049
3007
1903
5386
6777
8346
7055
6090
2761
7843
9804
3115
9994
8552
1850
9534
2946
5891
7134
8701
4498
5321
3877
5673
5276
3677
8417
6142
7502
2962
7938
649
719
1053
5997
8320
3397
1400
6635
5839
2881
9427
3152
3267
6200
7542
4261
7631
4654
4961
6181
2668
1841
3300
8066
7774
255
8442
81
7617
6037
5584
9416
6530
5622
308
2690
4890
7204
6441
3805
565
7454
4566
545
1073
3301
5150
572
6034
8781
874
574
8770
6509
7106
2079
4342
9138
8476
3256
1195
3974
4059
8037
399
9161
3976
3860
8253
505
6526
778
6176
308
9487
4483
3880
4439
948
7651
6075
2129
7522
2606
7890
6953
5720
3169
8532
5000
3813
267
7921
245
2230
8507
9012
6268
7805
8663
7740
1914
3581
6998
436
903
4242
4603
7053
544
46
4478
8301
5103
8765
1064
1857
6906
2378
9260
7422
4261
4858
4909
3029
8965
166
7247
6821
5843
8535
6158
8443
7832
7930
9557
6996
8219
4643
268
6995
9428
6765
7377
2733
7148
7151
4401
3553
3588
9403
6019
5462
4318
8608
8690
9117
3947
1055
2917
2438
9586
922
9821
3662
3850
3192
4202
2917
3060
4454
5850
9102
1112
7383
9471
6175
6123
6588
9404
8104
1322
9567
1788
2337
6037
5225
2559
2316
4827
2532
6545
7658
5549
7050
1305
1226
3266
252
4171
9483
8967
3567
3482
3026
3920
8336
2414
5575
5200
8216
845
8842
8609
2715
2058
4083
3888
3147
8775
5879
9464
4393
4023
2502
8489
4219
549
2674
6341
9417
6779
3674
3303
1154
384
2740
5872
8891
576
9385
7471
7655
1225
697
7772
6083
7344
7664
9042
4792
974
8529
8903
867
91
9166
8585
1473
7845
4554
7622
9764
4189
7653
600
7379
830
519
9547
8349
7515
4968
9836
1678
8787
8379
6304
954
2372
7995
7407
4326
5321
9406
363
1846
97
2934
6017
2001
8734
9878
4938
7616
6662
6082
8910
2790
8234
3711
8726
3242
3953
9417
6364
7199
1984
6563
7137
9236
7704
9241
6987
2375
7148
5890
7385
5973
5005
1058
389
8637
6260
9675
1877
4914
7019
5907
5453
3695
2680
5424
2020
1764
8039
3712
6465
5231
5859
278
611
966
1873
4094
6522
4689
7610
8018
8949
2821
658
3189
5881
8074
5929
4956
2874
3070
1358
9645
4585
9682
7755
5423
8282
3618
7121
8529
9841
7970
6641
6358
9961
6324
4067
1790
8049
1270
2439
369
1971
9497
1110
1540
2193
6284
9107
2301
8142
8598
5588
3715
3175
5235
2839
7519
5484
726
3683
5151
9759
3548
6492
3337
8376
9393
9202
8701
9794
6876
9639
1363
6550
4581
9851
2595
5810
9944
6406
675
9317
8705
6193
6619
3705
2678
8209
9060
1246
1604
913
3439
4991
402
3771
3347
9699
4674
4370
2254
2995
9158
1983
7452
947
7439
647
4085
6110
3664
6549
3873
6018
6881
5177
1351
2085
6511
9372
3267
1427
2017
1487
5029
8325
1062
7903
2326
7056
9930
8615
4598
8103
872
3171
945
125
9320
6140
5280
859
393
9140
7723
2058
3866
8304
9420
4126
2595
2333
15
7664
2929
5168
7109
6310
7326
718
9672
8640
5310
8677
7833
1394
3509
421
21
2265
9031
2543
4294
5724
9512
9128
1030
8097
4977
8329
7342
6728
7908
791
4060
2968
3799
8682
6019
6644
4028
6988
9708
8858
7985
3472
8987
4488
275
6268
2508
2491
5790
7508
5196
3989
4447
7876
5988
298
9274
1658
960
8552
5159
9806
3470
8032
4119
3455
2370
1269
9605
5884
3543
1088
2120
1835
207
8861
6965
6777
2539
1862
8417
9487
1190
4890
5283
8765
9515
1786
1320
9862
2376
2816
5137
6807
5498
2892
4887
2933
6807
9804
670
834
3691
2151
711
5356
5050
2326
9487
8978
2981
8047
5493
4868
8407
8496
9945
7510
5807
3749
6672
7456
9288
5814
5924
7173
3603
8479
9128
2350
6470
5981
793
4755
1790
2050
7344
9877
1744
2390
1861
8363
8862
8554
1709
8486
5909
5561
4019
4307
8178
5694
9957
7245
8581
5788
549
3645
2861
9758
6016
5247
1155
9020
2236
34
8131
4598
1594
8571
1733
3344
987
3702
4682
4827
3438
8139
4402
3115
1863
8809
2826
6298
8444
2738
2450
2120
1625
306
45
637
3219
1628
2882
701
2825
7667
5231
8599
1623
7203
5197
7530
5540
1130
9198
8773
3196
7062
4819
5705
4584
7051
2938
4220
3736
6497
3365
5693
8066
3912
1270
463
948
2857
9750
1845
8614
6427
1461
3688
5019
5551
8075
3032
3398
7288
8557
8396
4266
3242
6555
2631
8361
5678
3783
3290
5310
6255
496
7808
5974
4388
1612
5001
3304
5370
1316
3671
1558
4014
7641
3087
8603
9268
7140
2844
1300
9046
2443
454
7868
9276
6384
4361
1408
821
8963
7526
6641
1680
5112
3923
9015
5497
2163
4527
3202
8547
3792
2214
2156
4590
2063
3581
8219
7766
9276
1419
1411
4984
8445
5733
6711
4593
9860
3044
7743
3460
4132
9716
2358
7960
8385
7708
8251
8204
5536
5333
6359
3976
3117
5736
4286
2769
4700
2681
9518
4424
5031
2554
933
4385
8614
1485
3103
4571
6108
5034
5020
2960
8222
5241
7040
6266
3438
861
2532
560
8806
5774
1691
9004
8673
2480
7823
1403
5379
981
3065
1072
7448
9372
5791
8005
8842
3652
6967
6623
9564
7521
922
6268
9299
4857
452
3996
9941
540
5512
6762
5721
7486
6992
9797
4046
2371
9810
2991
4792
2645
9615
2897
3285
1877
4789
3513
6653
8124
2068
5745
7928
6220
1853
1645
777
1912
7253
3521
3880
2556
6874
6252
9182
1146
5629
5029
2089
3523
7885
305
8399
2047
4309
3038
9504
2137
9595
8368
7348
8153
6729
8101
6131
5279
200
9814
8595
5817
3960
1660
7052
6641
5709
237
152
4694
7684
978
5142
2822
1427
758
7069
2165
8206
4093
2157
8796
2501
9006
3154
5265
875
431
8274
5678
241
587
7814
5233
4977
1443
3621
5728
695
8238
3323
566
9289
1710
9544
8478
2136
8097
1301
2795
3326
112
1490
6514
2711
3816
7899
7381
8509
2770
5705
3005
6267
561
6532
1283
4931
5272
1798
5531
779
3829
7323
5517
2769
8910
1797
3953
2464
1495
4075
6743
5979
7405
7537
6624
4870
1729
227
9388
3812
9956
1996
7377
1114
3580
3811
2372
1970
4160
9892
1672
8893
3238
733
1216
4144
9510
5231
3858
8879
1019
5524
4187
8999
4886
6544
6233
4484
5294
7743
6440
5379
9960
7838
6380
8802
3086
4918
6072
4532
5663
8419
2633
6176
7588
5476
8243
9561
6602
5627
8518
3801
7793
7043
9499
3222
1344
6113
2193
9110
3954
6050
654
4079
9121
4596
8404
8519
6429
2338
4627
7306
1401
8343
3908
3002
723
3188
8281
2737
862
172
4159
1554
3374
9116
5293
3277
3327
104
9996
5489
3698
5201
9474
5403
1636
482
8860
5293
7405
5050
2936
2570
5170
6324
8796
5790
4440
4497
8775
9563
8902
9832
6226
286
853
340
803
9903
9815
635
5646
5271
8673
9966
375
2732
406
9980
9624
5784
2513
4514
8267
6936
2526
1501
8630
6160
4582
6688
5649
6300
9430
4113
3860
609
4491
9341
1969
4833
219
6044
3275
221
7411
9407
7122
7798
8489
8598
428
6172
9101
5278
6226
5351
6241
1175
6948
4116
3730
3332
9562
6007
5393
3836
3848
7375
5539
6829
2332
2071
3889
4208
3160
8840
7245
8503
9526
6652
2866
8163
7117
5165
6406
2163
79
1468
7007
726
6748
7086
5694
2434
2935
8560
3933
7245
8450
1948
1057
5256
9144
8212
7276
6411
887
1514
5346
3547
5017
946
4213
1912
8205
9103
6591
7732
3767
666
11
1486
2496
4882
6481
6412
9435
541
556
9527
5398
316
3642
7664
1241
1868
9087
6433
1390
8857
7830
5950
749
5661
8166
249
3714
7590
6796
3509
973
2150
2987
3795
3462
6868
8125
7896
2603
6128
9236
2976
3656
8867
369
6731
6722
3892
6752
325
3312
8695
4542
3588
4006
385
3416
762
9727
4998
7666
2298
5046
9235
5793
3416
6401
5048
8870
5593
6939
3405
375
1370
6765
9781
2651
5004
8744
7648
5329
9516
4593
1530
2974
4897
6793
3265
1297
8911
6856
5076
5589
3560
8758
3174
4050
8674
4022
2066
816
8676
6111
8713
2938
9722
1943
2198
8139
5208
5582
4675
5975
1898
7445
5717
440
5226
2234
8641
7732
6619
9969
2370
5879
578
9376
9763
659
3653
103
3366
4848
299
2938
3831
5265
1763
6780
8411
1653
9985
7050
8514
6854
6243
5489
5579
2690
1346
2589
55
2084
1539
63
4997
6159
813
873
2189
5142
5637
1337
6024
202
8693
7313
4860
4640
8203
9919
2310
862
9005
7070
7568
899
3659
2039
5602
2656
5389
9893
8692
6487
2459
8212
6929
8782
747
7797
3960
9808
3333
3121
8092
7792
5747
7655
8396
1083
3796
9204
7324
1929
9023
2478
8018
3183
4261
2445
6733
4693
8015
5510
8158
9487
5255
9910
683
3466
274
2631
4425
213
6506
7346
151
3593
6570
4081
8586
6118
4115
303
5666
859
1436
3519
2939
689
2646
3926
1343
8021
8173
7718
8329
6401
7818
536
6821
6262
7925
3060
723
5144
3688
3456
9131
9414
1263
8627
8650
6708
316
9141
7194
6567
8199
9621
6064
2620
2226
3926
6782
6597
6682
8327
5529
5873
8233
3918
7509
487
9289
832
2332
2671
7651
9615
701
9149
6709
8128
1521
3355
3602
6568
3113
5057
4292
4163
9988
1220
5661
6097
7581
888
5466
9918
1792
435
8280
8508
3229
5072
7217
1470
5685
3949
6255
659
3921
2418
3169
7806
5891
6877
2155
7790
228
6398
439
879
6188
4092
3210
9260
8016
7971
4258
7646
2213
3147
3835
6518
2610
5558
6033
9235
9636
5797
4703
881
940
3799
2086
7502
9491
8544
9641
4026
4621
9970
6837
2890
7723
2426
4478
7641
3322
7049
2949
8956
9610
2957
8710
2560
4601
8988
7661
5635
861
8333
4936
7115
3296
9347
4792
4983
5077
9702
7137
2576
6714
4271
5377
2443
4694
5312
8077
4094
449
6126
6007
5980
5523
605
2812
655
4564
3334
2569
3185
4691
423
1022
311
691
7735
6203
939
5535
2996
3799
7236
1277
6891
175
6916
3200
7268
8331
942
984
9511
652
3137
4757
1358
7266
4390
3673
9753
2634
5426
5083
3848
8037
5640
6359
9769
4819
7534
610
8622
6478
3594
7884
7274
1060
1066
5294
9960
1660
2045
3619
9175
3449
8368
1779
7478
2908
985
2219
5848
9763
1370
8120
3524
592
1090
9377
5101
1365
2182
3845
5560
4443
6439
9961
7759
2658
1776
3380
1729
4595
607
3510
5187
7137
4973
4322
4808
3166
9324
6221
7176
7385
7020
6415
2656
3908
825
2758
2837
1028
1205
185
8102
1155
3806
634
2830
1983
4571
9125
1315
3365
2792
2805
8110
9400
1675
7894
2615
6539
4595
2549
700
1215
2269
1635
5021
69
8098
1048
8424
8805
2512
7317
5468
7623
2322
3522
2172
6079
4527
7894
8434
6742
3437
8068
605
2819
2351
4786
4040
8056
8786
3557
9192
3017
3920
3465
6658
9399
6575
9389
4407
8571
8026
5099
5646
942
4601
5860
4636
3572
3279
266
9506
5178
5680
9943
8978
405
3981
9403
607
7625
8734
1315
2993
5403
2330
7508
9138
1742
9206
8296
9368
1481
1480
4127
2575
3450
7926
9158
2370
1012
8800
7317
230
2260
119
1346
7716
2322
1560
3620
6528
2770
841
9458
2842
8681
4175
5977
4257
3677
6570
3548
6015
8230
9742
4166
6485
9905
5934
8651
6803
4739
8566
1228
2372
5977
1397
5322
2196
4542
2997
7521
7887
7447
9705
6390
9944
6984
6003
8268
6546
7401
7359
2751
6751
2387
9375
2643
3922
8805
9699
7591
195
6723
6180
3171
8335
9725
9726
5889
8728
8686
1096
4632
9856
5115
9889
6242
4398
2795
1337
8912
7195
262
7273
2404
1932
2070
4032
1259
1068
906
1003
7501
1748
9594
4351
3005
6298
1236
8214
316
1140
7445
1748
9002
6087
5187
9717
1996
49
6167
9382
9881
9438
4888
9228
8126
3707
6466
7076
9826
261
4598
5816
1507
2125
3739
1195
719
4090
4898
4994
9103
5499
7543
158
6798
9656
1155
7274
2711
7571
1518
2685
268
4545
914
5629
7027
7263
4332
577
7403
3458
2923
4560
9980
4271
9130
1131
3324
8084
1050
2916
3614
9633
9224
6106
3253
3606
3727
3010
4807
6811
3590
1123
3149
9142
138
3710
646
6588
8038
345
2426
4439
7598
4470
6556
7120
4636
5460
1737
4474
3265
6882
1422
9835
4093
2523
8726
215
1178
8211
6512
8170
979
124
6991
7730
5842
1189
2747
4119
2550
2752
7428
8760
9139
6719
2823
324
2052
1994
4874
9361
5307
2383
4833
7772
2313
3238
243
797
4714
5472
6
8790
7063
9804
1542
7481
7439
4981
2149
3011
5359
3259
5453
7049
4926
4957
9729
7133
3974
8144
2785
6493
9724
735
6188
8360
865
383
2016
7886
97
3277
1197
4131
3928
230
8263
3631
7524
8338
9594
6949
2166
110
2952
6046
9730
2133
6718
1154
4630
7531
7141
9346
712
6342
8100
9476
6567
2729
5922
7004
771
7998
4617
6100
7321
4767
3478
4456
1415
5648
1405
7168
4462
9869
1546
2987
5941
1436
4066
4884
9017
3695
7912
7220
1186
5368
5995
3700
7457
1929
2956
8108
7942
9047
6766
6589
4606
9674
3238
6840
986
3892
8130
7833
5691
9067
854
3139
6377
4693
5521
2953
4178
31
7406
2966
7903
6314
8311
954
5282
4146
3715
6626
1452
8876
6336
7683
4700
1660
92
7778
2754
5280
9037
8755
2833
1213
6673
8924
7618
6660
6975
5381
6901
8720
2396
2846
7139
9294
8042
5756
5535
3370
4187
4162
8443
466
3955
7145
9110
8985
619
9180
5795
7498
2530
6338
5621
9095
2670
2184
8630
413
6384
2826
9911
6693
1702
3550
1122
6410
6538
8318
4827
6338
823
3392
4565
732
5035
6931
5904
9700
1224
7784
5664
5253
6069
107
5898
1500
8626
3452
23
3092
5000
7279
6363
1540
5519
4060
3135
9745
1353
6483
4042
7393
8091
1552
398
1422
9436
6166
2079
7906
8342
5548
862
7413
6474
9345
7188
5233
5712
6253
7546
2062
924
9317
8245
7279
2091
74
9855
583
6349
1519
9776
5881
717
3782
3004
268
6123
9846
7910
7143
8666
9738
834
8286
5269
4249
1703
5193
5485
8269
2691
1165
9374
8930
5785
9002
592
1517
7766
8017
5848
9335
610
7951
7582
8581
3617
826
9098
7413
649
38
2152
6199
4621
9077
4410
7317
2152
5161
7932
4977
2934
1175
5283
1146
6300
5626
4047
4378
5864
9713
3744
1902
8019
9142
1140
5827
610
1500
6574
6122
5612
2260
8435
6919
2006
2412
8813
5612
7338
9477
6754
5549
2742
335
1663
8864
8513
2451
9550
5747
7032
5725
2200
457
9415
2308
8611
9730
227
5015
1419
2630
260
9205
9807
3470
1647
6361
2915
5008
7969
6240
6403
2037
5161
857
8535
8616
3612
8185
9201
3885
4764
7975
3411
5259
5826
6202
3966
8823
1768
6381
8358
6431
1203
8748
2193
160
4414
9503
2270
9909
5442
4112
1890
3660
7681
1049
3037
6358
18
5423
5755
4443
3142
213
6375
5368
5353
2239
5482
8183
5140
1060
817
8936
7728
6734
7965
2241
8309
1026
1891
4959
3408
4406
8467
8024
2467
9620
102
5119
4758
58
9009
4291
1227
5402
7783
2149
9375
9205
426
3140
9084
2687
1697
9798
4588
8527
534
997
4936
4710
1382
1267
9743
9369
2315
4604
1682
332
9847
4695
2332
2381
6758
5144
702
5338
3206
5621
3720
6961
2483
8195
6484
7346
9195
5244
3341
594
784
6719
269
7679
5052
8277
1299
7627
7454
7051
9059
8711
5394
5777
4648
9005
7567
8574
6981
4186
7002
3597
7993
9046
2793
3512
6576
4577
9377
4591
3638
3564
688
5733
6950
8705
8823
5688
3393
3121
1775
2363
1979
4632
5661
1665
5743
7294
1632
5160
50
7756
2630
16
6213
8857
9134
3095
5188
8705
9225
4178
3995
7201
4170
7193
904
8577
4828
6304
5980
5678
8483
8734
5196
1427
458
3468
6628
9667
748
9739
5946
4950
6974
5122
6560
142
8729
6083
115
7716
6421
6777
897
8612
7985
8529
1367
1650
5504
3649
4440
4247
1117
409
8858
8172
1375
5589
459
6898
8263
7964
1617
9531
614
376
1486
6472
1884
7714
2642
3408
8667
9369
7115
2378
2554
5935
6039
8648
4549
8624
2458
7184
466
2032
4395
4967
1326
3888
9592
9388
5302
2605
1354
3935
2098
613
1524
6108
203
9062
5141
840
5277
5445
5789
5799
3624
1880
9660
775
4561
2689
3285
1548
4933
1879
2929
6681
5421
7650
2016
8392
6156
355
2971
6246
870
3646
277
3822
6587
2677
4816
1888
6417
1090
7371
2286
368
5776
537
9411
9766
215
8381
6752
91
6354
8865
5220
5903
6111
7910
3320
4415
1890
950
2852
5142
8998
6885
945
3312
4289
9878
7164
4618
3827
8554
1892
2421
9771
7667
2656
5434
3590
1862
2624
5463
661
2351
3918
2055
8793
9231
880
2848
670
8528
8734
4774
9489
6841
618
2029
2304
7276
5553
9467
9836
6077
7964
1596
4189
3102
2995
6847
1267
4085
8303
1182
8980
5023
442
4187
9462
9421
310
4981
7707
8509
726
858
68
276
3837
9014
7828
9334
481
1754
4754
5096
4716
3352
3498
2205
5327
6027
2081
93
2722
9299
690
6516
4524
4334
7530
6022
8540
1234
5069
3008
2066
6790
4210
3194
6237
1521
4370
1000
7330
9018
3784
7024
5381
2126
3686
2806
712
4240
6164
9090
8621
4027
2581
2499
3273
227
1320
8125
647
1338
4535
990
2741
5918
1088
6175
3919
1135
1598
8582
3927
6911
5395
1928
8590
9122
6644
3995
4130
8612
9553
6889
3683
282
2511
8752
1427
5984
2308
1191
5642
9570
271
267
9107
2566
7473
8728
3527
7302
6188
1107
5012
5612
7030
4052
857
2071
6778
5713
657
1946
5131
8565
8857
7507
1766
4191
8128
3224
6755
6711
9306
717
2183
3643
4848
5171
8906
3816
6904
1626
1200
4932
3309
1111
7238
1896
6219
7585
8266
6091
2953
2869
231
3962
963
2618
3452
2644
1458
3503
2904
2881
2491
8864
7077
3986
385
6183
3454
8979
7
7614
2541
5437
5510
2483
1445
4121
4823
5349
2793
4175
7166
139
4088
5292
8020
3892
3238
8034
5855
4009
8152
121
928
8798
3883
1683
4440
4343
4865
8573
6264
7687
6665
1154
3108
1332
9818
3658
2307
6791
8748
7695
8261
911
1011
9472
6161
9253
9656
4798
6346
7146
1910
308
2270
8348
3166
4675
4059
8183
4792
7067
798
1977
7238
4982
3545
750
1334
7647
7184
6538
69
4336
1185
9525
8122
6073
9134
2800
7814
5228
3895
1621
8438
4500
6648
637
6242
8166
5837
9068
7798
8048
9790
2502
5754
8655
5275
3861
9951
2876
9029
1874
5625
5350
6742
4849
2212
7307
462
1273
788
287
1099
2016
2541
9920
5156
1862
4795
3136
6674
2888
4751
4289
8940
1029
5575
3471
8669
6349
761
6102
1956
4164
4588
3605
8840
3542
3170
1866
5366
517
7942
5597
2760
1614
766
7993
3732
3450
4701
9253
7374
4816
6168
9872
6251
8648
7346
6987
5299
1274
4455
3520
658
4628
7746
7632
8331
938
1947
9851
8985
936
3888
8056
5876
7363
2766
7189
5100
4334
2236
8344
1302
1897
5700
675
6496
9043
416
8678
7665
3408
29
7823
3634
7493
7646
3628
1748
8784
2256
7905
1660
8485
6005
8581
1666
7156
9920
5159
8690
310
1660
9438
3180
6805
9240
1373
7422
5243
2099
6150
4588
323
4848
9941
5321
3980
7382
877
3925
732
583
1793
7811
65
7195
2776
6198
307
9528
5539
8599
5397
9776
5435
1062
4042
7559
1875
4810
2884
1072
3837
566
7591
1187
6488
4475
8940
9021
5943
3764
1730
755
1069
9986
8095
2724
7716
4948
6453
987
9598
2386
7455
9166
5810
3974
2698
1990
2856
6568
4129
7659
624
117
736
5546
940
1451
3866
2566
3933
228
7990
2345
8363
7452
9492
4885
9375
1232
606
3756
9834
8709
393
1096
9
850
2603
9048
3424
9324
6342
9319
3474
2172
354
8090
2403
9982
1737
6454
9477
8649
44
4460
7230
8198
8292
5523
8859
7759
1090
6368
9246
7685
2519
9811
2402
6078
7983
8097
847
1353
2360
5610
4441
4175
4930
5799
9075
5960
9054
210
3825
4695
8952
4305
2731
8995
1985
5424
1181
6643
8101
3706
9019
6454
4060
3796
3346
2684
7084
8902
2154
7060
6331
4695
2999
9890
6818
9267
2799
1660
1469
7004
5318
3106
4782
6667
5988
8057
7602
2401
2841
658
2572
734
5415
7323
4605
6653
4509
6737
8613
9386
6036
4144
3042
9457
9745
9482
8631
645
6555
4271
2137
6489
5975
6799
4595
750
4304
4809
6217
9066
8162
9295
9177
4497
6021
3145
7821
4835
8534
194
6717
706
4049
6914
7282
2333
7307
729
9141
4270
7644
7029
5558
5645
5098
2625
809
8063
656
8618
9914
6591
5517
1598
5185
1622
1673
9731
9745
6874
9331
9554
6442
9697
101
4046
4110
7040
8153
4277
1473
8324
8261
6673
3065
28
8993
6555
5557
3057
6057
2862
7050
8035
5006
1923
616
5986
9383
2670
8940
7702
1158
4852
2303
5931
2069
1672
9979
908
1246
3665
8925
9306
9066
552
2038
202
2177
8227
9883
2937
5760
8778
5629
9548
3193
5171
4371
9992
1060
9550
3747
2586
2116
4335
6399
6149
2644
8083
1932
6694
3967
1152
3086
4821
5679
1118
6896
7754
5774
4908
5280
8586
6552
6545
7558
317
2130
5072
6132
6012
8643
3751
585
1564
9952
4996
4240
4242
5830
7411
6022
5122
3696
7513
8761
9064
8041
5478
5451
6370
3611
1307
9254
2648
6150
9784
5609
8377
9900
8176
6001
5219
5033
9052
1235
6319
3216
6104
9157
375
912
5054
5564
6900
3717
6669
112
5800
939
1397
8924
2613
6462
4082
9458
3320
4493
4467
315
9894
5580
8182
5564
913
6024
2290
5508
2966
5670
5760
6194
5655
309
3702
5779
3584
1618
3361
3753
4984
1993
6591
9207
3526
5865
4087
6569
6365
4433
8661
4160
2406
4646
2454
7387
2072
5206
1292
1265
7287
1463
2318
4715
5126
9369
4896
9343
8858
4714
5658
7638
5804
8920
9879
9663
3946
8673
5197
1005
6236
1622
3859
6651
3310
7982
8756
1472
6942
9047
8159
638
5860
855
3448
4948
7129
992
6591
5491
421
7842
9675
7597
1737
4251
226
601
4278
3193
8983
3939
9192
6496
9841
7505
6082
3223
1460
2033
2119
8589
8767
1838
5058
3049
8161
3249
4627
7599
8008
9091
7015
1950
2664
6272
9186
1222
2100
7208
684
1335
8684
4032
1877
52
8547
3413
5254
6743
8923
3808
8150
3102
2079
8933
2421
3235
9181
1302
7497
7113
5215
4340
4034
2354
6549
5925
9084
8877
8848
4993
6689
1533
9949
1030
1896
6181
412
1292
3726
4576
6683
7059
6991
9389
7572
1800
353
3079
6529
2279
1246
1698
87
7354
9820
9425
6182
9999
1130
8341
1323
1335
3545
4032
5487
1579
6548
3336
9712
4041
5182
9399
9130
93
8679
3182
5170
3099
7610
6378
1439
2696
9526
8623
2965
7976
535
961
5343
5969
5584
5601
9240
9007
4712
8708
951
1
3566
7216
8037
9137
5194
1727
8747
5185
2561
7014
9644
9073
3236
6271
1501
3933
4838
4003
7741
5074
3016
8740
165
2241
1347
1813
365
7692
6401
8077
9303
478
7305
5616
157
8920
2021
9182
3826
9205
3282
2872
5767
1966
5459
9500
589
8634
5729
2194
9570
2813
5267
7582
2058
914
1462
118
5259
9235
8586
4606
1845
1365
5993
5119
7212
64
7861
8086
6596
7628
9436
6872
8743
3432
3978
7635
9205
7587
3132
3600
3385
8653
3980
7781
9140
6488
9630
3623
8921
72
9366
8620
6900
4553
2675
9934
3240
160
7084
5836
6979
9738
630
1419
6336
2384
4511
2649
6904
6076
3194
834
5846
437
6183
971
2438
5846
8606
6252
8793
4558
9800
8747
9624
6160
8971
19
4418
2522
3168
196
3125
7906
850
4787
4517
9260
2132
6754
5003
7065
5599
5995
2684
9802
1432
7493
2484
4178
5019
1113
8976
6425
6566
255
8534
4013
6179
1089
9905
1890
2483
7473
396
8314
5652
2790
6570
4720
527
4690
6912
1150
2032
3599
8544
1967
5427
1655
5283
7583
7959
5379
8802
5726
1554
1339
576
4579
6497
2269
8903
4589
2314
6808
8894
8325
3088
6920
5716
1103
4626
1228
6989
2400
7425
978
326
9017
6059
4149
3125
7153
1289
3629
8546
5665
3761
7301
2796
3176
5225
6585
5801
7807
329
1454
4846
4359
9131
5515
2135
9278
1858
9365
6884
961
4868
681
5985
6043
2646
5891
3024
9740
6882
3115
8692
9509
7
2671
5245
2671
4846
9787
6955
4283
6388
6164
4176
196
7913
1413
7975
945
1251
1841
2299
2502
7087
4935
2934
778
3942
9828
9991
7364
9832
194
6206
9150
3352
8525
4263
7228
100
8614
2832
6934
4863
3473
73
9296
5516
4377
4183
2683
1273
6052
1829
7124
5222
4817
8376
5962
6641
6189
8750
6141
2831
7861
7186
7394
4808
5045
4174
9139
8704
3615
9917
7123
7534
3240
8955
2143
347
5548
4252
3696
7288
1473
9734
1453
8508
537
8429
4382
5353
1922
425
6555
9674
7976
6533
2018
4763
1017
5702
1640
4693
5065
806
7462
8884
7564
1388
1253
2583
9377
5322
3413
4100
4942
9987
1158
1525
4677
9863
4890
5907
7222
9420
2306
9837
4719
218
4260
1221
1295
8339
222
2951
5320
8526
9077
903
2498
7743
3910
1030
2044
3492
6429
7169
5741
3294
9348
2214
7352
2650
963
5411
4495
8923
1446
1229
3551
5638
6492
4922
7673
250
2635
11
1440
2698
1633
6762
3358
7048
2566
9180
193
959
957
2690
3139
2701
1737
9218
807
539
2124
4813
751
2011
2443
4013
459
9981
7965
4237
8539
7662
1970
6037
3430
4509
545
6704
8723
5995
2025
2187
6148
3839
9209
2573
5491
1219
7707
2014
2293
6894
4267
7413
4203
8671
8885
8145
4135
8434
9628
5876
5595
7203
4791
3079
2749
8940
3287
8222
4262
7484
7123
4010
9674
743
340
1924
8147
7092
12
7405
8950
9511
2833
7855
5239
8554
7352
4558
4663
5002
7133
5361
3931
7725
3294
6280
9961
6747
4775
1273
3484
272
8953
9098
5526
9468
9795
6973
3861
5812
7554
3523
2990
825
6788
846
6182
9394
153
6536
3376
4105
5618
9801
6352
6016
9676
3225
9134
1806
9030
4003
9255
857
9693
1553
5533
7137
4985
3610
254
4103
8688
1013
6050
5081
3432
2120
2605
3163
2298
7441
9221
5603
9858
305
4830
1056
3715
1664
7729
8344
1783
3649
9547
4717
8820
4243
2001
5627
8186
5552
3298
2545
297
5366
2901
6426
6016
1007
848
7895
8752
8640
8058
2491
6303
7627
4313
2162
1624
8208
8645
2462
6671
2407
3822
5999
3330
5379
2952
3278
6716
1107
5140
5703
7411
1978
811
449
8561
7017
8723
7132
6735
9174
2244
6613
4141
9356
5428
9320
9999
9726
5054
7315
6834
5769
9170
339
5692
9653
7734
3646
6672
5223
7145
8060
8577
1286
2728
978
6046
6136
2554
556
1132
2937
2070
5975
7185
5736
2372
8360
7260
5037
3745
1644
3747
3130
8988
1549
7700
3182
8109
8782
7612
5552
8086
5700
8134
4990
8817
5856
1932
5857
8344
5901
4009
4076
5732
195
7599
5138
5101
9125
3027
6466
2193
6429
7942
9920
1280
1426
9231
1121
8787
5907
788
7314
2140
9203
9784
9525
4649
1761
3758
2505
8211
8402
7243
4228
3987
8509
3290
1008
3059
7667
4985
7104
6850
425
6832
5646
7729
9780
3842
978
2603
9424
1020
5008
3810
7821
3274
9679
1268
3270
2425
2818
4717
6927
1959
4468
8613
5786
5126
4805
6858
7798
4496
763
7864
7478
7125
759
6053
297
2095
6838
1370
5514
2134
6576
8171
2038
624
4992
6503
982
3200
7840
3178
5896
6607
33
7456
6622
648
7588
5141
8419
781
6696
1368
8117
6360
1200
9470
9444
7020
912
1506
9365
633
6164
3450
9299
8302
6301
7333
355
8520
937
9984
3874
5385
1518
9752
157
2196
1379
8457
205
5477
2410
5621
2941
6077
7294
5809
3785
123
725
4393
2149
5623
2994
2596
823
5159
3178
7842
5010
6292
3776
8065
9711
3527
9791
9663
7562
6813
7268
9258
4551
6826
8550
9059
1216
586
2083
7378
6828
4130
2680
9618
9821
6036
7068
2573
8885
9969
2458
2946
8870
7161
6313
1090
7253
1183
4553
5643
8362
9880
8716
3500
1751
482
3759
4087
3026
4656
7668
468
6977
6147
1133
8482
4369
8709
8151
1832
1539
255
5905
4058
8292
9979
151
4679
2055
7683
7679
6239
2129
392
5375
7298
2368
6415
1481
1956
6777
7638
7333
8332
6781
2148
9513
4044
8647
1854
7127
3627
9556
6133
2483
7693
336
9069
6976
2948
9497
8985
1030
1600
6434
5378
4674
2610
8790
551
6873
4206
1863
9325
9322
9326
8818
3767
9520
8596
2833
9522
9680
200
7293
9095
5301
1551
4541
7811
5638
60
319
4692
5393
5200
6402
7033
4870
1614
5390
6156
2819
2489
3185
6716
8295
4750
1942
4530
9668
3214
9892
5925
4246
6596
2944
8505
6811
7189
2736
6723
4446
757
4718
8119
2132
5733
7813
8866
9650
9994
8042
8196
649
362
5418
9813
1008
5632
5916
9336
9212
2031
4419
5212
5805
6978
3667
5743
440
8274
6941
686
221
3313
5880
2296
6788
979
2750
3616
2169
812
7536
7313
4561
9940
1703
6556
9800
3671
2888
1484
8697
346
4259
4875
4889
9752
1033
2541
7776
26
3415
4202
2549
3108
8307
6426
5508
2908
2450
1256
6175
4566
2467
3257
1551
7691
5868
3030
2069
1129
1727
8500
2257
7459
2680
4613
2558
6136
406
3192
9480
5185
4803
9435
3995
2404
2866
4512
5193
1942
9860
5934
2119
3501
7911
7934
9638
2388
4476
7510
8489
9463
5539
9139
3703
638
2373
1407
1279
6599
654
2834
803
8332
5717
9700
4435
8835
7577
2688
3638
1492
3177
4757
9271
2917
5216
2374
2554
3138
6876
6961
9930
9624
7594
2717
2720
1104
143
3820
6498
8857
485
4208
1781
5918
1008
6442
5120
6471
4188
1405
4464
3547
4501
2001
3889
8610
9458
6964
4480
7689
6143
9131
4874
4735
2182
3398
1087
3852
4234
8865
9513
1154
7007
6710
7443
4651
5593
1776
9576
177
5071
6331
3802
4541
284
4215
9627
1320
5442
5724
1243
8237
7899
2759
2958
8895
2941
7618
6297
1254
585
9857
105
9685
2673
7688
928
3703
6019
8171
1390
6200
3079
3294
7176
1328
1617
9803
6823
4602
7459
9137
8863
4547
18
6777
2538
2157
4354
2820
7089
2387
8897
6833
1414
5895
5390
507
9329
6215
6420
9102
8965
511
1846
6266
6382
7431
649
3152
3082
525
9608
201
449
9294
3048
1398
7074
8781
8953
6754
843
8022
7750
8900
9972
4396
8777
3089
3257
5566
5262
6846
3523
5257
5410
1411
6562
343
2503
538
4504
4325
2583
1735
308
4370
5987
2786
5674
2611
6631
2415
2892
9331
347
4687
3527
6040
3832
1343
8445
6353
2837
1246
7578
5691
4494
3229
4085
5459
5904
6927
1973
3237
1827
8799
61
1987
2756
1248
8678
3026
5182
6383
519
3327
1205
2710
5779
9854
1679
1306
8112
7426
7662
3859
447
8841
8590
1228
1117
6463
1192
8192
3381
3347
1345
5893
2095
4166
4050
4085
5641
2479
2148
4694
8753
4716
2520
9963
2556
9316
6656
8868
198
5991
1037
4833
1398
9958
2006
5988
4637
3295
3394
6003
7388
6145
9699
2909
5839
7838
4463
1012
2953
1086
1404
1032
2733
8016
3239
7733
7606
1004
9808
4579
900
115
390
4219
5363
6936
1115
3993
1066
4808
1747
956
6765
2980
9087
4235
6784
3872
6752
6946
9256
3619
6458
2586
8223
8095
1591
1030
4420
7595
7988
617
6461
539
5372
5205
4410
9105
4623
4559
6423
6173
9807
5534
7742
1104
9175
9059
4806
8878
3273
3714
6860
8146
4162
4574
4108
9899
3835
658
4028
6068
8895
8252
6117
6306
6388
836
6367
8342
5992
4586
7497
2866
2826
3566
2577
9496
2257
8601
2406
3774
2653
2777
7
2478
8520
3257
3159
7562
7416
8095
7872
5661
789
1118
7633
7804
8577
764
150
9147
3465
9998
3954
4812
7607
3152
8268
9810
9520
4673
1427
9587
1
5114
2910
4156
5985
3151
7365
927
9394
5694
3958
1848
2730
8037
8581
4701
5529
8912
3523
3859
6710
3119
3353
5341
4090
6902
113
5328
3224
2207
513
7314
8824
1994
4518
944
847
3668
9769
6863
8461
4181
8080
5610
2194
835
2099
2106
7501
101
7817
3076
2963
8626
2496
9371
9545
6727
6949
4103
2702
7703
9285
7854
3655
332
3041
9326
104
9836
6407
700
1292
4648
9267
1559
7682
3470
4626
6086
324
5822
3070
6736
4244
2729
8987
8154
8006
7557
428
8346
724
13
547
6683
9794
9749
52
7289
3263
3516
3684
7996
9652
1482
4771
8386
7068
6153
3763
5781
5152
864
5652
4059
3262
8105
1838
4316
3269
3044
4890
703
7472
2325
6382
6973
2125
3273
7858
2279
5960
6678
2323
4530
1016
3328
7508
5600
5286
2535
1516
1099
8902
846
2673
1323
5796
295
8622
5111
4428
9257
6819
3944
1093
9187
9706
6504
3627
9867
8337
3434
5815
7199
1353
9331
1838
5101
7642
7173
5171
2030
2385
653
8249
8717
1575
2259
7177
789
3567
8782
1309
2920
5835
6858
9639
2156
8635
4785
5664
7775
1396
5478
337
3884
3001
8770
551
2502
5545
3109
6695
3297
3172
4462
5246
9584
4747
4406
5379
9704
1251
2790
8812
7908
3382
1545
4058
354
6438
8555
5394
9690
7598
5825
6120
351
7880
4499
4170
8526
7268
6292
7478
1924
3884
418
153
5324
4737
6201
774
7029
6656
3266
7503
2513
247
8792
4322
602
3359
6555
4819
624
6773
6157
4690
6398
3656
698
3801
6122
2209
8069
6277
4810
8698
110
3998
1988
7181
1088
8980
8862
8106
3622
7688
9429
9076
2157
7684
697
8488
916
616
3012
6315
4528
450
9979
5776
9628
7273
8253
8691
9118
9638
3209
7908
6645
240
3597
5283
5886
8498
2233
1156
6278
5163
3921
8415
5530
2642
6721
7288
9578
1140
8171
7238
4508
7164
5852
977
5676
1629
1404
9165
3633
5999
7060
3582
5355
2515
2122
6598
6184
9669
4904
8082
8007
1389
3787
5406
7652
3282
9863
9968
6273
8668
1336
5320
6869
3844
3763
4498
414
970
3787
2260
4211
4707
7983
9018
9332
3245
3040
9484
4227
6528
1057
3721
8395
4386
9255
6355
8222
263
7392
9174
4237
5172
2112
1894
4545
6334
8022
7364
1559
2276
637
3628
7351
7206
7214
1807
6901
7504
1667
1848
5584
4583
2902
8796
2873
5006
1960
9603
5550
293
302
2174
7491
7103
8630
3380
4706
8431
7431
1965
3881
7518
1382
9994
9650
8428
309
7966
5681
8577
5878
9565
9270
5134
8045
5008
2498
6628
4819
5330
9446
6848
6887
5995
438
5346
3343
8566
4125
9513
252
8656
7675
6462
4027
1056
3673
473
2328
2525
5068
4307
8797
6385
3928
4569
2905
3016
8316
6585
27
3188
1067
3021
4045
6129
3147
6065
766
2880
1654
6306
3176
4162
1870
2101
9520
5538
6398
1905
8843
7408
5179
7835
9629
9718
8281
204
4589
4200
3290
5601
1605
7693
8001
78
1686
2772
6837
9551
3208
9461
7633
6557
734
2902
1064
8682
6984
5094
6405
153
4722
1290
689
7245
7162
4401
7790
5692
9647
2357
5280
5311
2421
9681
1835
4633
2164
634
5864
8897
2096
4523
3121
8734
5204
8353
5435
1407
6232
1407
5396
596
3201
6767
9250
7836
9655
3158
6379
2027
5042
3763
6658
8264
3053
8228
5439
9633
5517
6148
6392
3147
1883
6805
8763
9050
6813
4502
3630
488
2899
5745
3981
4166
1916
1252
1154
5197
1049
6921
4371
2591
5881
8244
373
2479
5140
2281
9071
5722
7028
280
2377
8384
9421
8486
5363
851
2684
7337
2994
7835
45
7119
4517
1507
6519
716
5462
8067
8963
1854
6092
3099
1850
4846
8188
6601
1964
2758
9040
8440
4236
3193
5536
6949
8744
323
445
2287
6087
2911
205
906
3196
3839
9152
6719
1127
8923
5489
8356
8074
3401
3672
9923
3912
261
7132
554
4473
3405
8710
2831
8987
8972
1808
2830
7683
1
3692
2688
769
9899
1010
841
2785
963
8433
9423
8238
9510
5351
9186
3521
814
9580
4268
8903
2924
824
9494
1840
4019
9348
6724
9860
7748
9790
4238
2576
1058
2150
3580
6542
6849
7525
590
8291
8320
670
5461
6433
848
4924
4689
5229
6816
5355
3896
747
7047
4547
2320
3797
6893
8863
4249
4107
8821
380
474
7524
2331
9709
8406
8066
8646
3019
5547
9635
4555
7385
6871
1188
4702
6805
4999
6593
2341
7307
8829
3080
9610
6964
7261
2923
1149
8491
5076
9155
5652
3808
8806
930
7024
7174
5122
6769
7534
6823
7716
6760
6198
1159
6840
9692
1187
741
7574
8802
8975
5582
9182
4162
8235
2860
10000
2359
8424
76
8600
6322
9141
3277
4693
7390
7829
388
85
4079
8764
4973
3327
8228
2774
6988
8524
8907
7652
7361
82
8579
9443
9385
7791
4829
5531
657
9006
5356
1026
9542
1145
5851
3722
1528
7436
5933
2494
7997
465
6976
2820
4625
3966
6235
6110
5083
6023
4934
2915
9371
6912
8729
4726
5568
6868
4269
5408
2022
7051
2958
7791
4604
6107
2402
809
7540
8350
1971
9086
1731
540
2968
1194
6904
6709
7826
8260
8009
2045
2786
8951
4761
884
3176
5562
7831
6737
5190
3965
1520
4394
3395
4178
2195
2771
9163
1398
6277
7889
3587
7243
8219
3801
3739
5091
7173
4937
1692
1051
331
3139
4753
3586
4766
2114
9267
8964
1185
4010
460
3159
7553
6400
7964
193
1199
6179
522
1556
9391
8118
3426
871
6025
9884
109
515
92
4494
1182
1415
2466
5259
4729
3224
7487
5037
6334
8856
9731
2788
1843
2833
6047
9169
6752
6063
2068
145
3363
599
3559
6852
3155
2248
2448
7321
7426
1693
9394
7016
6412
4699
8005
2315
2876
2941
8975
2330
702
9146
641
706
3855
3632
4477
2305
8000
6687
806
8736
2458
7684
7072
1597
4347
6752
2726
6516
8622
7237
1498
9418
7305
2125
8870
7878
5312
3078
5378
764
6951
5518
5919
4359
3364
9222
2416
3347
5683
7494
7256
9828
9891
142
1230
4342
173
4404
8173
6786
6885
991
1144
1497
9258
5023
3947
9744
8727
4966
2684
4904
9148
9527
4960
2409
3366
4810
6763
7579
6955
6361
7631
913
7634
3882
2821
2514
9870
7449
1194
3621
9516
2912
8160
5096
2434
8886
6502
493
967
4914
4690
8018
3057
8715
4074
9820
4394
2254
3618
6671
2396
2346
1343
5084
1451
2827
458
2535
6722
8513
5712
835
9637
9228
8007
2333
7461
4198
8587
3602
67
5565
7623
142
4540
8204
8431
4242
3618
6070
9433
8225
3435
6846
3964
5623
9842
2181
5648
1430
3404
97
693
8463
37
8854
752
922
985
9651
3424
9073
5726
2812
5007
9583
9870
9136
164
2720
1715
2262
1381
3221
7019
3449
841
1720
4187
5325
3131
3750
2608
8412
971
6493
8384
162
2063
7491
1263
5921
9351
288
5598
9138
2574
5226
6846
6825
1724
1483
1890
51
7128
7073
1249
4671
7659
9138
6763
7238
4192
1945
3267
9368
6711
5169
9291
4821
6153
7181
1054
3588
1637
242
4822
1571
6249
9570
5917
3868
3373
6870
3953
9009
2889
4103
7185
6580
5430
2953
5364
3445
5586
2996
1113
792
1805
5712
3032
8338
865
2172
7575
2560
5038
763
2265
2548
5715
7164
7650
8509
2409
2997
4213
6386
2633
7403
8094
4763
9598
6065
2155
8061
6853
4042
7541
5855
1025
7612
5709
3213
5531
963
4481
4697
5974
4895
957
7960
4576
940
1966
656
3829
5148
5827
9036
7470
4819
4876
9130
8167
5310
1012
7490
541
480
4699
851
9766
7291
3484
9611
971
232
7262
4290
992
4019
9685
7300
7045
4885
6424
3977
7189
9903
7789
5395
7131
3953
2449
2756
3940
2404
2612
3225
3647
6714
4288
3478
1601
496
2602
3231
8742
9324
530
6337
5666
3545
6085
987
4869
8397
8162
4012
2188
6403
6969
4890
7844
2489
2430
6860
1194
3432
8141
2053
6302
4091
2584
7934
182
5247
5372
1646
7807
2742
6162
5368
718
7943
6433
8849
3492
7653
3936
3997
8704
2586
5257
4581
2446
3761
5849
775
4701
9517
5221
5371
2750
5832
1878
1581
4489
8524
7461
5947
4234
5256
6833
2076
6824
8928
6797
4027
9398
4212
2887
5888
7299
7034
3411
2409
8636
3162
7558
8858
3185
7799
8798
3198
5924
5621
4623
2072
8429
5259
1976
4507
3723
6775
6900
6850
3814
2856
5485
7900
3040
748
219
6392
538
4022
6233
8617
6770
4411
1608
4279
3241
1834
6141
4594
5123
8598
9270
6867
6488
9313
1211
7584
8919
9974
5839
8396
4074
4115
6037
1513
6597
2001
783
5371
3960
5122
5521
8122
9444
4630
6580
3411
3226
5946
5863
2780
2831
8718
8000
2386
8188
7568
5296
6625
6977
5786
5381
9279
2121
8661
1385
5189
8137
297
7223
6667
3139
2130
8813
4959
4135
5888
7149
5202
312
8059
6446
7471
3692
5937
8032
6377
6974
734
7453
5471
6254
6119
2986
8303
263
1539
8557
1941
7089
9782
8968
3885
6061
3835
4963
5661
4238
9085
8568
5736
8327
130
5288
4752
7215
4101
1995
1803
6833
8894
1685
4385
7968
3744
6179
8991
2184
1151
5621
11
9760
780
9430
1429
8763
3167
5638
3894
5613
2400
2665
1432
779
6114
6168
3218
7099
8780
7285
4894
4283
9300
2603
440
9693
1866
2276
3973
2624
7391
7157
30
6042
6513
7700
8600
3457
1028
9866
4033
3545
3166
4050
3784
3591
366
4657
7657
3476
1226
9200
3637
9982
3509
2037
1802
40
169
864
7220
9570
8278
4801
7775
8995
7095
4679
3544
9218
4957
9106
6799
3317
1466
7978
9083
3024
748
1017
9002
8943
6869
6595
8803
7471
3923
2486
4602
7190
2304
2620
6783
1603
8824
2669
6964
1024
6034
5714
7561
5044
3534
3604
2214
2965
6217
6387
5092
2490
8512
3602
8168
3039
1679
352
829
4242
7924
6418
1933
3898
6084
4395
3628
4103
41
557
3057
1172
1176
4841
6433
4521
4811
1027
8954
7069
5807
7617
3785
3609
9372
962
7112
4168
380
7211
4504
4522
5994
2413
38
6472
1721
5234
1773
8849
2062
9318
8969
9827
27
4594
8579
8406
3176
5443
3838
1650
2976
9593
5356
8864
2181
6892
941
8078
4417
1833
710
5340
1899
7962
138
5636
1698
1492
4536
9655
9289
4010
6272
6433
8591
2943
4707
4222
3770
8712
2326
6583
6959
9503
4786
1205
2432
660
2908
7430
7042
3262
7612
524
6858
9247
3932
419
5044
8166
1263
4219
6832
1934
8427
1907
5529
2164
9828
4711
7347
4790
6311
3584
9057
598
4271
4426
3360
5726
8440
9811
6531
6925
4302
2702
8603
2975
1904
4871
5123
9451
983
2018
8966
2086
6669
1228
4285
246
3932
3299
2569
8337
3860
3602
1689
3603
4423
4964
2825
8909
2053
8601
39
9275
9552
3110
7011
606
1787
7815
2770
4568
8436
8288
5359
439
4282
9921
3375
568
6909
2887
5087
1773
5441
1535
1004
6185
1470
822
4143
887
1672
4988
4771
5131
4661
343
4740
176
640
4
6470
929
5130
1464
6495
4755
5415
3412
6402
4255
2140
7191
9593
8270
3731
1309
7438
7036
392
1094
1750
1727
2052
4721
3307
3201
5059
8807
6212
9561
3444
6900
8819
9993
76
1183
6858
2528
4984
5691
235
8782
685
2695
5835
7912
4621
5568
1715
4370
6889
3430
4467
4921
4669
5067
1778
3363
7069
8680
1590
2749
9082
7226
9212
3044
7440
3385
1909
336
3119
7322
206
7626
7780
4922
5018
607
3572
2890
558
6316
3397
7643
888
105
2248
5567
5853
2114
1414
6654
6398
8496
1766
4298
3638
5191
7385
3274
2819
8088
9762
5331
6174
6983
4405
4373
2744
5815
1275
6113
6899
6689
3935
7129
2379
3459
8809
4527
383
8037
7428
9951
7904
7527
8093
9497
7044
5638
314
8086
4999
93
4741
1644
9264
5288
7636
2316
3291
6324
1143
4521
7224
8866
1245
2899
8191
315
9890
6481
4285
5293
3177
4621
6320
7396
6834
6746
5644
2532
4185
416
7911
5602
1643
4328
2167
1826
8773
9891
3254
8842
6923
7956
5039
7878
9921
30
2648
1925
873
4568
7067
2673
634
9150
4531
620
8010
5489
8016
6789
8040
3246
7974
8074
2584
3611
8360
7880
8364
7885
6397
4989
4027
3048
5260
2495
1968
8350
1882
5253
4658
7529
2605
6211
8779
3155
5339
4931
6456
6434
5332
2382
2268
930
4393
7435
1361
1786
7591
2638
7244
4416
2468
8162
5452
6888
3781
1745
2815
8375
9801
6927
1088
4199
8086
9927
8912
2211
5486
4909
1968
386
7677
7363
1305
8240
5378
5639
7497
4104
1096
6105
7179
3278
3567
5387
593
8104
5116
2385
2448
669
9962
8455
1143
3686
6555
7442
6141
2481
3535
463
4887
1732
3007
4999
1427
3614
4711
9828
4085
2745
3214
8525
7515
2092
19
3293
7710
9165
3606
1730
3496
9379
4911
2898
1116
1162
3807
2775
3894
9584
2642
5611
7312
7596
8686
2943
9918
6670
330
2309
6520
9073
30
6941
3329
989
7315
700
3752
2426
2566
6041
7003
1087
4142
2674
9666
3927
647
2715
143
4453
7323
2358
9760
3535
4717
3326
1214
2901
7857
5549
566
1541
2395
1790
3106
5687
2562
45
8899
931
3345
490
7980
2419
3162
1660
5806
1202
2199
4850
8540
4484
1327
4053
9802
6783
1313
9257
9959
615
2623
226
372
5656
7050
3459
8848
6636
6726
5426
3745
7676
4218
3864
9601
6499
231
2068
6115
4190
6227
1759
8304
8848
8688
1818
4387
514
6397
7523
3613
2344
9209
7463
2981
2302
3071
1457
1264
2433
3411
8417
4985
8554
9191
3096
5149
5589
8810
2783
4773
5408
3102
2503
8337
7343
2244
1546
5902
1052
4742
5937
3859
4987
1377
6832
6574
828
8989
8268
1846
2138
3563
620
9132
2944
5690
1453
8867
5131
9429
6255
2697
4635
1132
525
4545
6099
7086
3018
9215
815
2448
7831
4863
645
6813
6657
6962
3189
8073
279
6374
9962
4019
2233
8272
5282
3927
6683
9849
474
9166
3081
8674
355
2595
7781
1397
5889
1602
7692
8810
6801
6702
2007
5731
3610
4015
7502
8757
1101
631
2454
9907
2519
6432
9930
4104
1445
5284
5527
2113
6758
2295
7970
5957
2540
4181
3397
338
8236
5092
1462
4197
3846
3590
3624
5365
9678
8589
4186
5612
9656
9882
7374
1443
3971
981
8053
1049
5292
4115
8181
7856
7827
5846
2444
7205
9978
983
558
4186
8714
392
539
817
8144
5769
7692
1383
2693
746
4635
4314
7595
4040
9906
1689
7267
7765
188
9542
8139
7640
3592
1226
7492
926
4349
3942
1522
6652
2407
4882
5213
2131
9598
1124
21
7262
7159
6974
7874
9498
3732
4308
2281
1826
4359
4280
570
2039
2037
276
3926
3848
4837
9988
1455
8820
567
6253
7543
745
625
4382
5290
5399
4005
2913
472
9047
910
6414
5082
8065
3881
6477
1206
3391
5377
5653
5310
764
4802
2150
6370
9239
735
2175
886
2986
64
8749
8830
7650
8563
3490
9429
1002
3346
7821
4381
4472
2693
5675
9937
5972
2462
5593
3735
1009
627
8101
1185
313
7033
4001
7218
7417
2011
642
190
4886
3786
7723
2986
3642
7054
193
9602
8415
8107
1675
1161
8183
911
9001
4619
5062
5047
2845
4911
7884
626
4442
9144
4547
6173
8151
6490
5633
3821
4480
8186
4762
427
922
8271
1062
1129
5937
2116
730
3187
4064
4639
8502
7457
8811
1243
9498
1865
2156
7490
4038
481
3993
375
4028
2210
8687
7599
3940
7288
9149
3599
3548
4453
1215
353
6842
8470
2340
4688
3664
9966
703
9555
1578
1998
4279
2215
6038
150
1995
7108
2049
2420
7318
7041
9274
9963
8842
6084
6069
1056
4428
6674
3375
2702
4764
9332
5449
649
6672
3338
6675
1567
9484
5546
8038
5307
9584
2081
5581
435
845
4730
2721
2001
4293
2556
9728
2782
6638
3357
6442
2794
2019
8613
8263
3241
6616
8733
9960
4231
1543
7158
6136
1260
1212
8550
8575
1691
2601
4734
4052
6148
7479
6695
7771
6041
6234
2650
2178
8398
9759
5822
3492
9769
6372
6332
1657
4681
916
4639
3771
9236
5935
8312
740
2168
7666
7005
7705
3170
3399
5633
1853
8093
3820
3119
4323
6003
6872
9760
9365
4303
5968
5356
2778
9378
5173
6925
5895
4932
3014
5167
9493
179
9626
7203
2602
9303
9762
2755
4439
4518
7631
8432
6302
8467
3552
4583
1837
3216
1045
5378
5451
3653
4405
3402
9102
2393
4936
6362
8535
9581
3490
895
9563
8120
9901
9228
1422
77
6689
8506
3966
169
1491
4989
7097
8936
2504
9185
9084
3079
6692
9363
4394
5972
7139
9132
8421
9809
7074
744
9788
6072
6763
8341
8496
1640
4236
4935
820
2670
9731
2840
7185
7407
6296
4125
4900
4609
6407
6003
4373
4746
4696
4520
7749
3920
4301
6631
5122
5119
23
1787
3033
8329
3525
3572
1322
2471
9979
1640
4897
5582
7883
6224
182
2237
9906
9299
4706
1122
6097
673
5004
4381
1910
1781
6447
5805
2999
734
970
3830
2779
263
1989
2707
5861
5089
2842
6408
8125
2226
1559
449
45
935
9919
8006
597
4213
7735
5856
9019
205
9972
3909
259
9710
8367
383
886
2837
3889
8410
850
7327
4593
8044
5246
7919
4023
9824
7608
3514
6076
8875
6301
224
3392
5775
3189
6261
9064
4973
56
8045
4482
1429
9969
7319
9734
3066
669
1584
8411
4129
784
2040
3554
7031
4309
6850
19
514
9343
4516
5043
2400
240
4095
1247
6492
6677
3448
8359
2703
9613
7413
4313
9026
3349
7683
8809
5106
5633
9188
8795
2076
8184
1238
4429
2504
7692
8174
9923
8611
5253
6148
5984
5668
1306
7032
1197
448
7899
2802
826
216
1837
5015
9983
5888
1875
8391
9757
5259
1637
4260
37
5922
9712
6541
5893
4243
4794
6104
3563
8438
6928
8942
2903
2731
6430
3279
6737
4767
2921
4951
3140
2974
5629
217
5350
6930
4639
9143
1492
9833
5534
2164
6143
3013
4794
3712
2141
7036
8209
5811
9198
3824
3970
1397
8284
7369
6160
4073
7661
1950
8117
4794
5945
9555
4848
4574
5202
4028
4700
7255
9428
6032
9119
2824
6411
1097
3340
101
1947
1959
9333
195
6385
5300
7392
6206
8340
3026
68
4185
1158
2801
8145
5504
2157
3549
7658
6010
7160
51
448
1003
5840
2052
7740
1461
3326
2099
7624
9838
2547
8920
5082
5164
3383
5479
7166
6301
1185
4875
9487
8660
2016
6635
4434
7805
5604
3150
6016
5938
4444
6443
2158
1942
8669
5754
8090
4078
1291
3270
8291
5232
5719
9715
9189
4995
3381
7948
1296
4182
2601
1494
8453
8861
3518
6945
5165
8933
6290
7596
4293
8441
9313
775
729
6829
6109
2916
1468
4935
1559
119
7361
8878
8701
8701
6378
2555
671
2584
4458
6604
6735
6920
9401
2359
9093
1510
5748
8636
4236
3066
8862
515
3725
684
7159
1220
3285
2183
5414
3365
9766
3753
8054
8062
807
9384
171
5960
4825
1679
5328
9716
6967
3125
9775
2953
2072
799
9868
7685
8997
1771
4238
3428
8897
4941
1482
4559
9306
7831
7165
1627
1419
7425
9734
2
5019
7817
2639
95
5638
1540
1846
3203
901
8402
8668
52
1612
687
9256
9653
3169
4165
4649
4321
1972
7391
6919
7761
9103
5577
6293
3053
123
3843
6149
7631
1628
964
1543
5507
4314
443
3280
1354
6462
6177
979
9150
4837
1707
1198
1680
4404
7979
3924
9741
5352
9781
9026
8767
2952
5263
2944
6640
9162
7090
2311
6089
366
2686
3897
7576
5419
4633
7393
2080
3748
7847
8776
8826
7975
4502
2193
8506
9522
6737
930
6716
4898
6516
9103
461
7129
1183
9733
6518
2987
6259
6559
7987
8373
8473
7737
7650
3179
4450
4543
6615
7309
3337
4640
717
5477
8037
165
2662
1727
8746
504
8595
5269
6543
4370
1151
3062
3739
5573
581
6787
9097
1267
339
4758
3210
2313
9862
447
1209
5932
4340
7692
7561
9630
3321
1780
491
4589
2521
736
1916
4521
3701
2486
2571
4287
248
8692
2521
7766
6689
2181
2904
4133
2011
7347
2150
9088
7207
5658
4083
1501
2891
7061
5437
6759
9588
8343
1965
5294
2983
2487
8106
6697
7942
6217
6604
2826
2734
85
4235
8732
2620
7479
7206
6363
6496
7922
1391
4783
4249
7857
9747
5623
7968
444
8327
3678
6577
5091
5278
4589
9300
3530
2488
9165
7530
2929
5381
2982
2467
2431
9351
985
6316
283
5428
6839
3445
6806
634
780
3553
8776
2846
9724
9255
1989
9853
5464
6197
4428
3171
764
9076
396
4202
1144
5654
7955
8618
201
6172
7765
9951
9476
7156
3845
5784
3182
2688
1475
3548
6331
6978
5810
2743
1777
6979
7797
8674
6488
4371
1541
8192
7632
8346
1073
7428
2095
2781
9235
7152
4389
3564
5723
5481
4046
9289
4010
5622
692
9843
1821
2295
5406
4352
4756
4051
10
5529
9982
6985
8866
3039
2691
2504
29
6651
3102
5642
485
8339
9972
8347
3424
8025
8197
519
7373
6941
8830
3090
5341
9827
9305
7921
9132
5119
6962
2373
6186
7709
1094
1400
9051
5181
9658
9568
2647
1723
6597
3584
9870
7789
8507
2350
4428
8005
9848
8559
6677
2726
8901
8750
3837
7364
2889
172
4678
196
15
3826
6759
6866
5168
482
3702
9970
5133
4795
7538
9518
252
3226
591
9182
3452
7501
8430
53
7926
4420
9144
3336
4834
6273
9496
4570
627
6958
9618
3970
960
6253
884
2494
5488
7370
9239
6353
4145
7133
9410
2919
3206
2044
5947
7946
5914
8350
2666
8669
9717
3353
8301
5525
5578
365
1538
952
5322
9594
6516
1101
6697
4091
2660
51
2634
8246
5955
7710
8186
6107
2426
8492
7062
9882
7767
7509
7114
7282
852
8849
3064
5140
6917
8547
2801
2838
9374
9539
8546
6739
6495
4410
7853
6815
9293
8726
1939
7513
4174
1293
5500
6953
1152
5679
9315
2585
1862
6260
5792
7135
9344
9108
4387
7832
2630
517
5306
9569
194
7311
8735
3183
7639
9324
1601
1038
7121
9899
3117
7191
378
7795
9482
266
2054
9332
558
5163
9100
3994
3711
6345
5730
8011
1674
9881
7396
416
6810
3825
4368
816
2229
9201
6961
9415
7945
1596
9109
3413
5534
7491
6205
6643
2296
9875
8210
9281
4876
2677
6622
1179
4604
3315
606
7658
1313
1099
2354
6598
916
4956
9565
5145
6505
5708
3424
383
4136
7228
78
4682
4009
4307
2939
6017
6603
3335
4694
7000
2258
9707
3600
6636
8507
626
5431
5957
8957
6594
2884
6477
2285
3443
2686
6335
3645
5270
2904
9593
2435
6195
1630
4060
130
8826
2519
2114
4391
7003
7047
4607
7698
2945
8900
9919
3999
7514
1811
7871
1520
3058
959
2712
4057
1452
4149
3479
1543
914
7726
1352
2478
7300
9418
3408
6813
4060
3109
5961
5680
7378
7721
8248
1650
1564
8016
4010
7725
6781
5780
6269
512
9102
6742
4220
4171
5019
9063
7906
7914
7972
7189
9632
7804
35
9158
7753
2143
4445
3882
2186
681
673
4784
295
7845
6110
2712
9873
6409
802
8240
3508
6496
3228
5597
5452
8889
9971
9928
9255
8522
6432
5506
53
4290
5541
3093
6717
2682
5873
2601
3450
2775
8652
4832
3106
8000
5181
8047
8614
9670
4779
1209
6389
9348
2319
9881
8732
612
6921
6092
2376
8220
6442
6136
7548
5571
9390
3453
4814
1604
2572
5127
9659
9534
9046
7341
8875
8485
4267
6841
7407
3577
860
3876
1735
8832
3180
4381
7568
4803
2432
2982
3835
2418
3253
3532
7880
1061
3425
9185
8689
8048
4290
4071
7315
7137
8595
6874
4711
1993
493
443
2880
4997
3162
9061
6268
7321
5541
7230
6669
6600
8573
4572
2770
4338
8151
3985
5662
7561
5779
7668
5114
3186
6807
9373
8230
6613
1608
8493
3802
3057
3304
5176
8395
7632
9993
6640
5354
8241
7167
7423
8342
5592
7699
2657
7825
7022
2467
4827
4464
6054
5351
6188
5916
9278
1807
